-nan -nan inf
-nan -nan -nan
-nan -nan -nan
-nan -nan -nan
-nan inf -inf
inf -nan -inf
6.24408e-07 6.24554e-07 2.49711e-05
6.23254e-07 1.24758e-06 2.49249e-05
6.21294e-07 1.86743e-06 2.48465e-05
inf -nan -inf
inf -nan -inf
1.24846e-06 6.24571e-07 2.49483e-05
1.24609e-06 1.24755e-06 2.4901e-05
1.2422e-06 1.86744e-06 2.48234e-05
inf -nan -inf
inf -nan -inf
1.87167e-06 6.24557e-07 2.49087e-05
1.86817e-06 1.24756e-06 2.48622e-05
1.86234e-06 1.86745e-06 2.47847e-05
inf -nan -inf
inf -nan -inf
0.000498619 3.12204e-07 -3.74795e-05
0.000498617 6.23538e-07 -3.75046e-05
0.000498613 9.3322e-07 -3.75453e-05
0.000493172 0.000497532 -8.70728e-05
